371;202;0;25;1130;14095993;0;1
371;201;0;61;1130;14096000;0;1
370;201;0;81;1130;14096007;0;1
370;201;0;100;1130;14096014;0;1
370;201;0;111;1120;14096021;0;1
370;200;0;116;1130;14096028;0;1
370;200;0;128;1130;14096035;0;1
370;200;0;148;1130;14096042;0;1
370;200;0;158;1120;14096049;0;1
370;200;0;165;1140;14096056;0;1
370;201;0;180;1130;14096063;0;1
370;201;0;196;1130;14096070;0;1
370;202;0;210;1130;14096077;0;1
370;203;0;214;1120;14096084;0;1
371;203;0;221;1120;14096091;0;1
371;204;0;226;1110;14096098;0;1
373;204;0;231;1120;14096105;0;1
374;204;0;244;1120;14096112;0;1
376;203;0;260;1130;14096119;0;1
377;203;0;274;1130;14096126;0;1
379;202;0;290;1130;14096133;0;1
381;201;0;309;1130;14096140;0;1
382;199;0;325;1140;14096147;0;1
384;198;0;344;1150;14096154;0;1
385;197;0;363;1150;14096161;0;1
386;196;0;372;1160;14096169;0;1
387;194;0;389;1150;14096176;0;1
388;193;0;396;1160;14096183;0;1
389;192;0;402;1160;14096190;0;1
389;191;0;408;1170;14096197;0;1
390;189;0;413;1180;14096204;0;1
391;188;0;421;1180;14096211;0;1
391;187;0;433;1200;14096218;0;1
391;186;0;452;1190;14096225;0;1
390;185;0;471;1190;14096232;0;1
389;184;0;484;1190;14096239;0;1
387;183;0;492;1190;14096246;0;1
386;183;0;500;1190;14096253;0;1
384;182;0;506;1190;14096260;0;1
382;182;0;509;1200;14096267;0;1
380;181;0;513;1200;14096274;0;1
378;181;0;515;1200;14096281;0;1
377;180;0;518;1200;14096288;0;1
375;179;0;528;1190;14096295;0;1
374;179;0;534;1200;14096302;0;1
373;178;0;539;1200;14096309;0;1
372;178;0;543;1200;14096316;0;1
371;178;0;546;1210;14096323;0;1
369;177;0;548;1200;14096330;0;1
368;177;0;549;1200;14096337;0;1
366;177;0;551;1200;14096344;0;1
363;177;0;552;1190;14096352;0;1
361;177;0;552;1190;14096359;0;1
358;177;0;555;1180;14096366;0;1
355;177;0;555;1180;14096373;0;1
352;177;0;556;1170;14096380;0;1
349;176;0;557;1170;14096387;0;1
347;176;0;558;1170;14096394;0;1
344;176;0;558;1180;14096401;0;1
341;177;0;559;1200;14096408;0;1
337;177;0;561;1190;14096415;0;1
334;178;0;562;1190;14096422;0;1
331;179;0;564;1190;14096429;0;1
327;180;0;564;1190;14096436;0;1
324;181;0;565;1190;14096443;0;1
321;182;0;565;1180;14096450;0;1
317;183;0;565;1170;14096457;0;1
314;185;0;565;1150;14096464;0;1
311;186;0;565;1140;14096471;0;1
309;187;0;565;1140;14096478;0;1
306;188;0;565;1120;14096485;0;1
305;188;0;565;1140;14096492;0;1
303;189;0;566;1140;14096499;0;1
302;189;0;566;1140;14096506;0;1
301;190;0;565;1140;14096513;0;1
300;190;0;567;1130;14096520;0;1
299;191;0;566;1120;14096527;0;1
298;192;0;566;1110;14096535;0;1
297;194;0;567;1110;14096542;0;1
296;195;0;567;1110;14096549;0;1
295;196;0;567;1110;14096556;0;1
293;198;0;568;1110;14096563;0;1
292;200;0;569;1110;14096570;0;1
291;202;0;565;1100;14096577;0;1
290;204;0;564;1110;14096584;0;1
289;205;0;565;1110;14096591;0;1
288;207;0;564;1110;14096598;0;1
288;209;0;565;1100;14096605;0;1
288;211;0;565;1100;14096612;0;1
288;212;0;565;1100;14096619;0;1
289;213;0;565;1100;14096626;0;1
290;214;0;565;1100;14096633;0;1
292;215;0;567;1100;14096640;0;1
294;216;0;568;1110;14096647;0;1
296;217;0;571;1100;14096654;0;1
299;218;0;571;1120;14096661;0;1
300;219;0;572;1120;14096668;0;1
302;219;0;573;1110;14096675;0;1
304;220;0;574;1100;14096682;0;1
305;221;0;574;1100;14096689;0;1
307;222;0;574;1100;14096696;0;1
308;223;0;575;1100;14096703;0;1
309;224;0;576;1110;14096710;0;1
309;226;0;576;1110;14096718;0;1
310;227;0;577;1120;14096725;0;1
311;228;0;577;1110;14096732;0;1
312;229;0;577;1110;14096739;0;1
313;230;0;577;1100;14096746;0;1
314;230;0;578;1110;14096753;0;1
316;231;0;579;1100;14096760;0;1
318;231;0;580;1100;14096767;0;1
320;231;0;581;1110;14096774;0;1
322;231;0;582;1120;14096781;0;1
324;231;0;583;1120;14096788;0;1
326;232;0;585;1120;14096795;0;1
328;232;0;586;1120;14096802;0;1
330;232;0;587;1120;14096809;0;1
332;232;0;588;1130;14096816;0;1
334;233;0;589;1130;14096823;0;1
335;234;0;589;1130;14096830;0;1
337;235;0;590;1120;14096837;0;1
339;235;0;590;1130;14096844;0;1
340;236;0;592;1120;14096851;0;1
342;236;0;592;1120;14096858;0;1
344;237;0;594;1110;14096865;0;1
346;237;0;594;1110;14096872;0;1
348;237;0;594;1120;14096879;0;1
350;237;0;594;1130;14096886;0;1
352;237;0;594;1120;14096893;0;1
354;237;0;594;1120;14096900;0;1
356;237;0;595;1120;14096908;0;1
358;237;0;594;1120;14096915;0;1
359;237;0;594;1130;14096922;0;1
361;237;0;595;1140;14096929;0;1
363;238;0;594;1140;14096936;0;1
365;238;0;595;1140;14096943;0;1
366;238;0;595;1140;14096950;0;1
367;239;0;595;1140;14096957;0;1
369;239;0;595;1140;14096964;0;1
370;240;0;596;1130;14096971;0;1
371;240;0;597;1120;14096978;0;1
372;240;0;597;1130;14096985;0;1
373;240;0;597;1130;14096992;0;1
375;240;0;598;1140;14096999;0;1
376;240;0;598;1140;14097006;0;1
378;240;0;598;1140;14097013;0;1
379;240;0;600;1140;14097020;0;1
380;240;0;602;1140;14097027;0;1
381;240;0;605;1160;14097034;0;1
382;241;0;605;1140;14097041;0;1
383;241;0;608;1160;14097048;0;1
384;241;0;608;1140;14097055;0;1
385;242;0;609;1140;14097062;0;1
385;242;0;612;1140;14097069;0;1
386;242;0;611;1150;14097076;0;1
387;242;0;613;1150;14097083;0;1
388;242;0;621;1160;14097091;0;1
389;242;0;621;1140;14097098;0;1
390;242;0;627;1140;14097105;0;1
391;242;0;625;1130;14097112;0;1
392;242;0;624;1110;14097119;0;1
393;241;0;624;1110;14097126;0;1
394;241;0;625;1100;14097133;0;1
395;241;0;625;1110;14097140;0;1
396;241;0;627;1110;14097147;0;1
397;241;0;628;1110;14097154;0;1
398;242;0;627;1100;14097161;0;1
398;242;0;627;1100;14097168;0;1
399;242;0;627;1110;14097175;0;1
399;243;0;627;1110;14097182;0;1
400;243;0;627;1100;14097189;0;1
400;243;0;627;1100;14097196;0;1
401;243;0;628;1100;14097203;0;1
401;244;0;628;1100;14097210;0;1
402;244;0;627;1100;14097217;0;1
403;244;0;629;1100;14097224;0;1
404;244;0;629;1100;14097231;0;1
405;244;0;629;1100;14097238;0;1
406;244;0;629;1100;14097245;0;1
406;244;0;629;1120;14097252;0;1
407;244;0;633;1120;14097259;0;1
408;244;0;629;1120;14097266;0;1
409;244;0;630;1120;14097274;0;1
409;243;0;629;1120;14097281;0;1
410;243;0;629;1120;14097288;0;1
411;243;0;631;1120;14097295;0;1
412;243;0;631;1100;14097302;0;1
412;242;0;632;1100;14097309;0;1
413;242;0;632;1110;14097316;0;1
414;242;0;632;1110;14097323;0;1
415;242;0;632;1110;14097330;0;1
416;241;0;632;1100;14097337;0;1
417;241;0;631;1120;14097344;0;1
418;241;0;630;1120;14097351;0;1
419;241;0;630;1120;14097358;0;1
420;242;0;635;1120;14097365;0;1
421;242;0;635;1120;14097372;0;1
422;242;0;632;1120;14097379;0;1
424;241;0;632;1120;14097386;0;1
426;241;0;632;1120;14097393;0;1
427;240;0;632;1140;14097400;0;1
429;239;0;633;1140;14097407;0;1
431;238;0;632;1140;14097414;0;1
433;237;0;635;1130;14097421;0;1
435;237;0;633;1130;14097428;0;1
437;236;0;633;1130;14097435;0;1
439;236;0;637;1130;14097442;0;1
441;235;0;636;1120;14097449;0;1
442;235;0;633;1120;14097456;0;1
444;234;0;633;1120;14097464;0;1
445;234;0;634;1120;14097471;0;1
447;234;0;635;1120;14097478;0;1
448;233;0;634;1120;14097485;0;1
449;233;0;633;1140;14097492;0;1
450;233;0;633;1140;14097499;0;1
451;233;0;634;1140;14097506;0;1
452;232;0;633;1160;14097513;0;1
454;232;0;632;1160;14097520;0;1
455;231;0;633;1160;14097527;0;1
456;231;0;634;1160;14097534;0;1
457;230;0;635;1170;14097541;0;1
458;230;0;636;1180;14097548;0;1
459;229;0;638;1170;14097555;0;1
461;229;0;638;1190;14097562;0;1
462;228;0;638;1170;14097569;0;1
463;228;0;639;1170;14097576;0;1
464;227;0;638;1170;14097583;0;1
465;227;0;638;1190;14097590;0;1
467;226;0;640;1190;14097597;0;1
468;226;0;640;1200;14097604;0;1
469;225;0;641;1200;14097611;0;1
470;224;0;643;1210;14097618;0;1
472;223;0;645;1210;14097625;0;1
473;222;0;648;1210;14097632;0;1
474;221;0;650;1230;14097639;0;1
475;220;0;654;1230;14097647;0;1
477;219;0;657;1230;14097654;0;1
478;218;0;660;1210;14097661;0;1
479;217;0;662;1230;14097668;0;1
480;215;0;663;1230;14097675;0;1
482;214;0;664;1230;14097682;0;1
483;213;0;667;1220;14097689;0;1
484;212;0;669;1230;14097696;0;1
485;210;0;669;1220;14097703;0;1
487;209;0;672;1220;14097710;0;1
488;208;0;674;1220;14097717;0;1
489;206;0;679;1220;14097724;0;1
490;205;0;675;1230;14097731;0;1
491;203;0;684;1220;14097738;0;1
492;201;0;687;1240;14097745;0;1
494;200;0;689;1240;14097752;0;1
495;198;0;695;1230;14097759;0;1
496;196;0;686;1230;14097766;0;1
497;194;0;684;1220;14097773;0;1
498;193;0;701;1210;14097780;0;1
499;191;0;705;1230;14097787;0;1
500;190;0;705;1230;14097794;0;1
501;188;0;708;1230;14097801;0;1
502;186;0;712;1230;14097808;0;1
503;184;0;711;1240;14097815;0;1
504;183;0;714;1240;14097822;0;1
504;181;0;714;1240;14097830;0;1
504;180;0;716;1250;14097837;0;1
504;179;0;718;1250;14097844;0;1
504;177;0;720;1260;14097851;0;1
502;176;0;726;1260;14097858;0;1
501;175;0;726;1280;14097865;0;1
500;174;0;728;1280;14097872;0;1
498;173;0;728;1260;14097879;0;1
497;171;0;730;1260;14097886;0;1
495;170;0;731;1260;14097893;0;1
493;169;0;731;1250;14097900;0;1
490;168;0;732;1240;14097907;0;1
488;166;0;732;1230;14097914;0;1
486;165;0;735;1230;14097921;0;1
485;163;0;735;1240;14097928;0;1
483;162;0;732;1250;14097935;0;1
481;160;0;733;1240;14097942;0;1
479;159;0;732;1230;14097949;0;1
477;157;0;733;1230;14097956;0;1
475;156;0;732;1240;14097963;0;1
473;155;0;732;1240;14097970;0;1
470;154;0;732;1230;14097977;0;1
468;153;0;732;1230;14097984;0;1
465;152;0;732;1230;14097991;0;1
462;151;0;732;1220;14097998;0;1
460;151;0;732;1220;14098005;0;1
457;150;0;733;1220;14098012;0;1
454;150;0;732;1230;14098020;0;1
452;149;0;734;1240;14098027;0;1
450;148;0;734;1270;14098034;0;1
447;148;0;734;1280;14098041;0;1
445;147;0;733;1280;14098048;0;1
443;146;0;734;1260;14098055;0;1
440;145;0;735;1240;14098062;0;1
438;144;0;735;1230;14098069;0;1
435;143;0;734;1210;14098076;0;1
433;142;0;735;1210;14098083;0;1
430;141;0;738;1210;14098090;0;1
428;140;0;734;1210;14098097;0;1
426;138;0;734;1200;14098104;0;1
424;137;0;732;1210;14098111;0;1
422;136;0;734;1210;14098118;0;1
420;135;0;735;1210;14098125;0;1
418;134;0;734;1220;14098132;0;1
416;134;0;732;1210;14098139;0;1
413;133;0;734;1220;14098146;0;1
411;133;0;732;1230;14098153;0;1
409;133;0;734;1220;14098160;0;1
406;133;0;733;1220;14098167;0;1
404;133;0;732;1220;14098174;0;1
401;133;0;734;1200;14098181;0;1
398;133;0;732;1170;14098188;0;1
395;133;0;731;1160;14098195;0;1
391;133;0;731;1170;14098203;0;1
388;133;0;729;1200;14098210;0;1
385;133;0;728;1230;14098217;0;1
381;132;0;730;1260;14098224;0;1
378;132;0;729;1260;14098231;0;1
375;132;0;727;1260;14098238;0;1
372;132;0;726;1250;14098245;0;1
369;132;0;723;1250;14098252;0;1
366;131;0;720;1260;14098259;0;1
363;131;0;719;1260;14098266;0;1
360;131;0;717;1270;14098273;0;1
357;131;0;718;1270;14098280;0;1
354;131;0;717;1270;14098287;0;1
352;131;0;717;1270;14098294;0;1
350;131;0;717;1260;14098301;0;1
348;131;0;714;1250;14098308;0;1
346;131;0;716;1250;14098315;0;1
344;131;0;715;1240;14098322;0;1
343;131;0;716;1240;14098329;0;1
341;131;0;716;1240;14098336;0;1
339;131;0;717;1240;14098343;0;1
336;131;0;715;1220;14098350;0;1
334;131;0;714;1220;14098357;0;1
332;130;0;714;1210;14098364;0;1
330;130;0;714;1210;14098371;0;1
328;130;0;714;1220;14098378;0;1
326;129;0;714;1220;14098386;0;1
324;129;0;714;1200;14098393;0;1
322;129;0;713;1200;14098400;0;1
320;129;0;711;1200;14098407;0;1
317;129;0;711;1200;14098414;0;1
315;129;0;710;1200;14098421;0;1
313;129;0;709;1180;14098428;0;1
311;129;0;709;1170;14098435;0;1
308;129;0;708;1140;14098442;0;1
306;129;0;708;1130;14098449;0;1
303;130;0;708;1120;14098456;0;1
300;131;0;708;1110;14098463;0;1
297;132;0;708;1110;14098470;0;1
294;132;0;706;1100;14098477;0;1
290;133;0;706;1080;14098484;0;1
288;134;0;705;1080;14098491;0;1
285;135;0;705;1070;14098498;0;1
282;135;0;705;1070;14098505;0;1
280;135;0;705;1070;14098512;0;1
277;136;0;705;1070;14098519;0;1
275;136;0;705;1070;14098526;0;1
272;137;0;705;1070;14098533;0;1
270;137;0;704;1080;14098540;0;1
267;138;0;704;1080;14098547;0;1
264;139;0;702;1080;14098554;0;1
261;140;0;703;1080;14098561;0;1
258;142;0;702;1080;14098568;0;1
254;143;0;706;1080;14098576;0;1
251;144;0;702;1070;14098583;0;1
248;146;0;702;1080;14098590;0;1
245;148;0;702;1070;14098597;0;1
241;149;0;702;1070;14098604;0;1
238;151;0;701;1080;14098611;0;1
235;153;0;702;1070;14098618;0;1
232;154;0;702;1080;14098625;0;1
228;155;0;705;1080;14098632;0;1
225;157;0;701;1090;14098639;0;1
222;158;0;701;1100;14098646;0;1
219;160;0;701;1110;14098653;0;1
215;162;0;702;1110;14098660;0;1
212;163;0;704;1110;14098667;0;1
209;165;0;701;1100;14098674;0;1
206;166;0;703;1100;14098681;0;1
203;168;0;699;1110;14098688;0;1
201;169;0;701;1110;14098695;0;1
198;170;0;699;1110;14098702;0;1
196;172;0;699;1110;14098709;0;1
194;173;0;701;1120;14098716;0;1
192;175;0;701;1120;14098723;0;1
190;176;0;699;1120;14098730;0;1
189;178;0;698;1120;14098737;0;1
187;180;0;698;1130;14098744;0;1
186;182;0;696;1130;14098751;0;1
185;184;0;697;1130;14098759;0;1
183;186;0;696;1130;14098766;0;1
182;189;0;699;1120;14098773;0;1
181;191;0;696;1120;14098780;0;1
181;193;0;699;1110;14098787;0;1
180;196;0;695;1110;14098794;0;1
180;198;0;693;1100;14098801;0;1
179;200;0;693;1090;14098808;0;1
178;201;0;693;1080;14098815;0;1
178;203;0;687;1070;14098822;0;1
178;204;0;689;1070;14098829;0;1
178;205;0;691;1070;14098836;0;1
179;206;0;687;1080;14098843;0;1
179;207;0;690;1070;14098850;0;1
180;209;0;688;1070;14098857;0;1
181;210;0;693;1080;14098864;0;1
182;212;0;693;1080;14098871;0;1
184;213;0;690;1080;14098878;0;1
185;216;0;688;1080;14098885;0;1
186;218;0;690;1080;14098892;0;1
187;221;0;690;1070;14098899;0;1
188;224;0;693;1070;14098906;0;1
189;227;0;690;1060;14098913;0;1
190;230;0;690;1060;14098920;0;1
191;232;0;690;1060;14098927;0;1
191;235;0;690;1060;14098934;0;1
192;237;0;690;1060;14098942;0;1
194;239;0;691;1060;14098949;0;1
194;241;0;691;1060;14098956;0;1
195;242;0;693;1060;14098963;0;1
196;244;0;691;1060;14098970;0;1
197;245;0;691;1050;14098977;0;1
199;246;0;693;1040;14098984;0;1
200;248;0;693;1040;14098991;0;1
201;249;0;693;1030;14098998;0;1
202;250;0;693;1020;14099005;0;1
204;251;0;693;1020;14099012;0;1
205;252;0;696;1020;14099019;0;1
206;254;0;693;1020;14099026;0;1
208;255;0;693;1020;14099033;0;1
210;257;0;693;1040;14099040;0;1
212;258;0;694;1060;14099047;0;1
214;260;0;693;1090;14099054;0;1
216;261;0;693;1100;14099061;0;1
218;262;0;693;1090;14099068;0;1
220;264;0;693;1080;14099075;0;1
223;265;0;693;1090;14099082;0;1
225;266;0;693;1090;14099089;0;1
227;267;0;693;1080;14099096;0;1
230;269;0;693;1080;14099103;0;1
232;270;0;694;1080;14099110;0;1
234;272;0;691;1080;14099117;0;1
235;273;0;690;1080;14099124;0;1
237;275;0;691;1080;14099132;0;1
239;276;0;693;1060;14099139;0;1
241;278;0;697;1070;14099146;0;1
243;280;0;697;1070;14099153;0;1
245;281;0;693;1070;14099160;0;1
248;282;0;693;1080;14099167;0;1
250;283;0;693;1060;14099174;0;1
252;284;0;695;1070;14099181;0;1
254;285;0;693;1070;14099188;0;1
256;286;0;694;1060;14099195;0;1
258;286;0;693;1060;14099202;0;1
260;287;0;693;1060;14099209;0;1
262;287;0;693;1060;14099216;0;1
263;288;0;693;1060;14099223;0;1
265;288;0;693;1060;14099230;0;1
267;289;0;693;1060;14099237;0;1
268;290;0;693;1060;14099244;0;1
270;290;0;693;1060;14099251;0;1
271;291;0;693;1060;14099258;0;1
273;292;0;693;1060;14099265;0;1
274;293;0;693;1060;14099272;0;1
276;293;0;693;1070;14099279;0;1
278;294;0;694;1070;14099286;0;1
280;295;0;694;1080;14099293;0;1
282;295;0;694;1080;14099300;0;1
283;296;0;694;1050;14099307;0;1
285;296;0;695;1030;14099315;0;1
286;297;0;694;1000;14099322;0;1
287;297;0;695;990;14099329;0;1
288;297;0;696;990;14099336;0;1
290;298;0;696;990;14099343;0;1
291;298;0;695;990;14099350;0;1
292;298;0;694;990;14099357;0;1
293;299;0;697;1000;14099364;0;1
295;299;0;699;1000;14099371;0;1
296;299;0;697;1000;14099378;0;1
298;299;0;696;1000;14099385;0;1
299;300;0;698;990;14099392;0;1
301;300;0;699;1000;14099399;0;1
303;301;0;698;1010;14099406;0;1
304;301;0;697;1000;14099413;0;1
306;302;0;702;1010;14099420;0;1
307;302;0;701;1010;14099427;0;1
309;303;0;700;1010;14099434;0;1
310;304;0;703;1020;14099441;0;1
311;305;0;699;1020;14099448;0;1
313;305;0;700;1030;14099455;0;1
314;306;0;699;1030;14099462;0;1
315;307;0;699;1020;14099469;0;1
317;307;0;702;1030;14099476;0;1
318;308;0;699;1030;14099483;0;1
319;308;0;702;1030;14099490;0;1
321;308;0;699;1030;14099498;0;1
322;309;0;700;1030;14099505;0;1
323;309;0;702;1030;14099512;0;1
325;309;0;700;1020;14099519;0;1
326;309;0;702;1020;14099526;0;1
327;310;0;701;1030;14099533;0;1
328;310;0;703;1030;14099540;0;1
329;310;0;705;1030;14099547;0;1
331;310;0;702;1040;14099554;0;1
332;310;0;702;1040;14099561;0;1
333;311;0;702;1040;14099568;0;1
335;311;0;702;1040;14099575;0;1
336;311;0;703;1040;14099582;0;1
338;311;0;705;1040;14099589;0;1
340;311;0;702;1040;14099596;0;1
342;312;0;703;1040;14099603;0;1
343;312;0;704;1040;14099610;0;1
345;312;0;704;1050;14099617;0;1
347;312;0;703;1040;14099624;0;1
348;312;0;704;1050;14099631;0;1
350;312;0;705;1050;14099638;0;1
352;312;0;705;1050;14099645;0;1
353;312;0;705;1050;14099652;0;1
355;312;0;705;1050;14099659;0;1
357;312;0;704;1050;14099666;0;1
359;312;0;704;1050;14099673;0;1
360;312;0;705;1060;14099680;0;1
362;312;0;705;1060;14099688;0;1
364;312;0;706;1040;14099695;0;1
365;312;0;707;1040;14099702;0;1
367;312;0;708;1040;14099709;0;1
369;312;0;706;1040;14099716;0;1
370;312;0;706;1060;14099723;0;1
372;312;0;706;1060;14099730;0;1
374;312;0;706;1060;14099737;0;1
375;312;0;705;1060;14099744;0;1
376;312;0;707;1060;14099751;0;1
378;312;0;707;1050;14099758;0;1
379;312;0;708;1060;14099765;0;1
381;312;0;711;1060;14099772;0;1
382;311;0;707;1060;14099779;0;1
384;311;0;708;1060;14099786;0;1
385;311;0;707;1060;14099793;0;1
387;311;0;708;1050;14099800;0;1
389;311;0;709;1060;14099807;0;1
390;311;0;709;1050;14099814;0;1
392;310;0;709;1050;14099821;0;1
394;310;0;710;1070;14099828;0;1
395;310;0;708;1070;14099835;0;1
397;309;0;711;1080;14099842;0;1
399;309;0;711;1080;14099849;0;1
401;308;0;709;1080;14099856;0;1
402;308;0;709;1090;14099863;0;1
404;308;0;709;1090;14099871;0;1
405;308;0;707;1100;14099878;0;1
407;308;0;707;1100;14099885;0;1
409;308;0;705;1100;14099892;0;1
411;308;0;705;1110;14099899;0;1
413;309;0;705;1100;14099906;0;1
415;309;0;702;1100;14099913;0;1
417;309;0;702;1100;14099920;0;1
420;309;0;700;1100;14099927;0;1
422;309;0;699;1100;14099934;0;1
424;309;0;699;1080;14099941;0;1
427;309;0;699;1080;14099948;0;1
429;308;0;702;1080;14099955;0;1
432;308;0;700;1080;14099962;0;1
434;307;0;701;1080;14099969;0;1
437;307;0;700;1080;14099976;0;1
439;306;0;699;1070;14099983;0;1
441;305;0;700;1070;14099990;0;1
443;305;0;700;1070;14099997;0;1
445;305;0;700;1070;14100004;0;1
447;304;0;699;1070;14100011;0;1
449;304;0;699;1070;14100018;0;1
450;304;0;699;1070;14100025;0;1
452;304;0;699;1080;14100032;0;1
454;303;0;700;1090;14100039;0;1
455;303;0;699;1080;14100046;0;1
456;303;0;701;1080;14100054;0;1
457;303;0;699;1080;14100061;0;1
458;303;0;702;1080;14100068;0;1
459;303;0;701;1080;14100075;0;1
460;303;0;701;1080;14100082;0;1
461;303;0;699;1080;14100089;0;1
462;303;0;702;1080;14100096;0;1
462;303;0;699;1080;14100103;0;1
463;303;0;700;1090;14100110;0;1
464;302;0;702;1090;14100117;0;1
465;302;0;700;1090;14100124;0;1
466;302;0;705;1090;14100131;0;1
467;301;0;702;1090;14100138;0;1
468;301;0;701;1090;14100145;0;1
469;301;0;701;1090;14100152;0;1
470;301;0;700;1090;14100159;0;1
472;300;0;699;1090;14100166;0;1
473;300;0;699;1090;14100173;0;1
474;300;0;699;1090;14100180;0;1
476;300;0;699;1090;14100187;0;1
477;299;0;700;1090;14100194;0;1
479;299;0;700;1090;14100201;0;1
480;299;0;700;1100;14100208;0;1
482;298;0;700;1100;14100215;0;1
483;298;0;699;1110;14100222;0;1
485;298;0;699;1120;14100229;0;1
487;298;0;699;1120;14100237;0;1
489;298;0;693;1120;14100244;0;1
491;298;0;691;1140;14100251;0;1
493;298;0;688;1150;14100258;0;1
494;298;0;687;1150;14100265;0;1
496;298;0;686;1150;14100272;0;1
497;298;0;686;1150;14100279;0;1
499;298;0;685;1150;14100286;0;1
501;297;0;686;1150;14100293;0;1
504;297;0;685;1150;14100300;0;1
506;296;0;684;1130;14100307;0;1
509;296;0;684;1100;14100314;0;1
511;295;0;684;1080;14100321;0;1
513;294;0;685;1070;14100328;0;1
515;293;0;685;1070;14100335;0;1
517;292;0;687;1070;14100342;0;1
520;291;0;694;1080;14100349;0;1
522;289;0;693;1080;14100356;0;1
524;288;0;695;1080;14100363;0;1
526;286;0;697;1080;14100370;0;1
529;284;0;697;1080;14100377;0;1
531;282;0;696;1080;14100384;0;1
533;280;0;703;1100;14100391;0;1
536;278;0;703;1110;14100398;0;1
538;275;0;705;1110;14100405;0;1
540;273;0;707;1130;14100412;0;1
542;270;0;711;1130;14100419;0;1
544;268;0;714;1140;14100427;0;1
546;266;0;717;1170;14100434;0;1
548;263;0;722;1170;14100441;0;1
549;261;0;726;1170;14100448;0;1
551;259;0;728;1170;14100455;0;1
552;257;0;729;1150;14100462;0;1
552;255;0;735;1150;14100469;0;1
553;253;0;741;1150;14100476;0;1
554;251;0;745;1150;14100483;0;1
554;249;0;747;1170;14100490;0;1
555;247;0;752;1190;14100497;0;1
556;245;0;751;1200;14100504;0;1
558;243;0;753;1210;14100511;0;1
560;240;0;753;1210;14100518;0;1
562;238;0;754;1210;14100525;0;1
564;236;0;754;1210;14100532;0;1
565;234;0;754;1230;14100539;0;1
566;232;0;754;1230;14100546;0;1
567;230;0;755;1230;14100553;0;1
568;229;0;756;1240;14100560;0;1
570;227;0;755;1240;14100567;0;1
571;225;0;756;1250;14100574;0;1
572;224;0;757;1250;14100581;0;1
573;222;0;757;1260;14100588;0;1
575;221;0;756;1250;14100595;0;1
577;219;0;756;1250;14100602;0;1
578;217;0;755;1240;14100610;0;1
580;216;0;756;1240;14100617;0;1
582;214;0;756;1250;14100624;0;1
583;212;0;757;1240;14100631;0;1
585;210;0;757;1250;14100638;0;1
587;208;0;761;1240;14100645;0;1
588;207;0;757;1250;14100652;0;1
589;205;0;759;1250;14100659;0;1
590;204;0;751;1250;14100666;0;1
591;203;0;750;1250;14100673;0;1
592;202;0;757;1250;14100680;0;1
592;201;0;759;1250;14100687;0;1
593;200;0;760;1270;14100694;0;1
593;199;0;760;1270;14100701;0;1
593;198;0;760;1250;14100708;0;1
594;197;0;760;1250;14100715;0;1
594;196;0;747;1240;14100722;0;1
594;194;0;769;1240;14100729;0;1
594;193;0;779;1240;14100736;0;1
595;191;0;780;1240;14100743;0;1
595;190;0;782;1250;14100750;0;1
596;188;0;785;1250;14100757;0;1
596;187;0;784;1250;14100764;0;1
597;185;0;785;1250;14100771;0;1
597;184;0;786;1250;14100778;0;1
598;182;0;786;1250;14100785;0;1
599;181;0;790;1260;14100793;0;1
600;179;0;790;1260;14100800;0;1
600;177;0;789;1280;14100807;0;1
601;176;0;792;1280;14100814;0;1
601;174;0;790;1280;14100821;0;1
601;173;0;795;1280;14100828;0;1
601;172;0;794;1270;14100835;0;1
601;170;0;797;1270;14100842;0;1
601;169;0;802;1280;14100849;0;1
601;167;0;802;1280;14100856;0;1
601;166;0;799;1280;14100863;0;1
600;164;0;799;1250;14100870;0;1
600;163;0;803;1250;14100877;0;1
600;161;0;807;1240;14100884;0;1
600;160;0;806;1240;14100891;0;1
599;158;0;803;1250;14100898;0;1
599;157;0;806;1250;14100905;0;1
599;156;0;804;1250;14100912;0;1
598;154;0;804;1250;14100919;0;1
598;153;0;806;1250;14100926;0;1
597;152;0;807;1250;14100933;0;1
596;151;0;806;1250;14100940;0;1
596;150;0;806;1260;14100947;0;1
595;149;0;811;1260;14100954;0;1
594;148;0;807;1280;14100961;0;1
593;146;0;808;1260;14100968;0;1
593;145;0;806;1240;14100975;0;1
592;144;0;807;1230;14100983;0;1
591;142;0;808;1190;14100990;0;1
589;141;0;808;1190;14100997;0;1
588;139;0;809;1190;14101004;0;1
587;138;0;812;1190;14101011;0;1
586;136;0;808;1200;14101018;0;1
586;134;0;807;1190;14101025;0;1
585;132;0;808;1190;14101032;0;1
584;130;0;806;1190;14101039;0;1
584;129;0;808;1190;14101046;0;1
583;127;0;806;1190;14101053;0;1
582;125;0;807;1200;14101060;0;1
581;124;0;807;1200;14101067;0;1
580;122;0;812;1210;14101074;0;1
579;120;0;808;1210;14101081;0;1
577;118;0;807;1210;14101088;0;1
576;116;0;807;1230;14101095;0;1
574;114;0;809;1250;14101102;0;1
572;113;0;807;1280;14101109;0;1
570;111;0;808;1260;14101116;0;1
567;110;0;808;1260;14101123;0;1
565;108;0;809;1250;14101130;0;1
562;106;0;809;1240;14101137;0;1
560;104;0;807;1250;14101144;0;1
558;103;0;808;1270;14101151;0;1
555;101;0;807;1300;14101158;0;1
553;99;0;807;1320;14101166;0;1
550;97;0;806;1350;14101173;0;1
547;95;0;806;1380;14101180;0;1
544;93;0;806;1370;14101187;0;1
541;92;0;806;1370;14101194;0;1
538;90;0;806;1370;14101201;0;1
534;89;0;806;1360;14101208;0;1
531;87;0;806;1360;14101215;0;1
527;85;0;809;1370;14101222;0;1
523;83;0;806;1370;14101229;0;1
519;82;0;805;1370;14101236;0;1
515;80;0;805;1370;14101243;0;1
511;78;0;806;1380;14101250;0;1
507;76;0;804;1390;14101257;0;1
502;74;0;805;1390;14101264;0;1
497;71;0;804;1380;14101271;0;1
492;70;0;804;1360;14101278;0;1
486;68;0;805;1360;14101285;0;1
480;66;0;806;1360;14101292;0;1
474;64;0;806;1360;14101299;0;1
469;63;0;805;1400;14101306;0;1
463;61;0;804;1410;14101313;0;1
458;60;0;805;1410;14101320;0;1
453;59;0;804;1420;14101327;0;1
448;58;0;809;1430;14101334;0;1
442;57;0;803;1440;14101341;0;1
437;56;0;806;1440;14101349;0;1
431;55;0;803;1450;14101356;0;1
425;55;0;805;1450;14101363;0;1
419;54;0;808;1450;14101370;0;1
414;53;0;806;1460;14101377;0;1
408;53;0;806;1460;14101384;0;1
403;52;0;806;1440;14101391;0;1
397;51;0;806;1410;14101398;0;1
391;51;0;807;1370;14101405;0;1
385;50;0;804;1340;14101412;0;1
378;50;0;805;1310;14101419;0;1
372;50;0;805;1280;14101426;0;1
365;50;0;803;1260;14101433;0;1
358;50;0;803;1250;14101440;0;1
351;50;0;803;1240;14101447;0;1
344;50;0;803;1250;14101454;0;1
337;50;0;803;1220;14101461;0;1
330;51;0;801;1200;14101468;0;1
323;51;0;800;1190;14101475;0;1
316;52;0;801;1170;14101482;0;1
309;53;0;800;1210;14101489;0;1
302;54;0;799;1240;14101496;0;1
294;55;0;802;1270;14101503;0;1
287;56;0;799;1300;14101510;0;1
281;56;0;800;1270;14101517;0;1
275;57;0;800;1250;14101524;0;1
268;58;0;801;1220;14101531;0;1
262;59;0;798;1200;14101539;0;1
256;60;0;799;1190;14101546;0;1
250;62;0;799;1180;14101553;0;1
244;63;0;799;1150;14101560;0;1
238;64;0;799;1140;14101567;0;1
231;66;0;800;1100;14101574;0;1
224;68;0;797;1090;14101581;0;1
217;70;0;797;1090;14101588;0;1
210;73;0;796;1110;14101595;0;1
203;75;0;798;1130;14101602;0;1
196;77;0;794;1160;14101609;0;1
190;79;0;795;1150;14101616;0;1
184;82;0;797;1150;14101623;0;1
179;84;0;795;1170;14101630;0;1
176;86;0;796;1210;14101637;0;1
172;87;0;796;1220;14101644;0;1
169;89;0;795;1250;14101651;0;1
164;92;0;795;1190;14101658;0;1
157;94;0;796;1130;14101665;0;1
149;97;0;796;1110;14101672;0;1
141;100;0;800;1080;14101679;0;1
133;103;0;796;1080;14101686;0;1
125;106;0;797;1100;14101693;0;1
117;109;0;797;1110;14101700;0;1
110;112;0;797;1110;14101707;0;1
104;115;0;797;1130;14101714;0;1
99;118;0;797;1140;14101722;0;1
94;121;0;799;1130;14101729;0;1
90;123;0;797;1110;14101736;0;1
86;126;0;797;1080;14101743;0;1
82;129;0;798;1070;14101750;0;1
79;132;0;798;1060;14101757;0;1
75;135;0;797;1040;14101764;0;1
72;138;0;795;1040;14101771;0;1
69;141;0;797;1020;14101778;0;1
66;144;0;797;1020;14101785;0;1
63;147;0;795;1020;14101792;0;1
60;150;0;794;1030;14101799;0;1
58;153;0;793;1030;14101806;0;1
56;156;0;793;1040;14101813;0;1
54;159;0;792;1090;14101820;0;1
53;163;0;792;1090;14101827;0;1
51;166;0;790;1090;14101834;0;1
50;169;0;788;1080;14101841;0;1
49;172;0;788;1070;14101848;0;1
48;175;0;788;1070;14101855;0;1
48;179;0;790;1070;14101862;0;1
47;182;0;779;1090;14101869;0;1
47;186;0;785;1050;14101876;0;1
47;189;0;784;1060;14101883;0;1
47;193;0;782;1060;14101890;0;1
47;197;0;783;1060;14101897;0;1
47;200;0;775;1060;14101905;0;1
47;203;0;781;1080;14101912;0;1
48;206;0;776;1080;14101919;0;1
50;209;0;774;1070;14101926;0;1
51;212;0;775;1070;14101933;0;1
53;215;0;779;1070;14101940;0;1
55;219;0;775;1070;14101947;0;1
57;222;0;776;1080;14101954;0;1
59;225;0;776;1070;14101961;0;1
61;229;0;776;1060;14101968;0;1
64;232;0;774;1060;14101975;0;1
66;236;0;779;1060;14101982;0;1
69;239;0;774;1060;14101989;0;1
71;243;0;774;1050;14101996;0;1
74;246;0;775;1040;14102003;0;1
77;249;0;775;1040;14102010;0;1
79;253;0;776;1030;14102017;0;1
82;256;0;774;1010;14102024;0;1
84;259;0;776;1010;14102031;0;1
87;262;0;775;1000;14102038;0;1
89;266;0;776;1010;14102045;0;1
91;269;0;774;1010;14102052;0;1
93;272;0;776;1010;14102059;0;1
96;275;0;779;1010;14102066;0;1
98;278;0;774;1010;14102073;0;1
101;280;0;775;1010;14102080;0;1
104;283;0;776;1010;14102087;0;1
108;286;0;776;1010;14102095;0;1
111;288;0;776;1010;14102102;0;1
115;291;0;776;1000;14102109;0;1
118;294;0;775;990;14102116;0;1
122;297;0;776;990;14102123;0;1
125;300;0;775;980;14102130;0;1
130;303;0;777;980;14102137;0;1
134;306;0;777;980;14102144;0;1
139;309;0;779;980;14102151;0;1
144;311;0;776;980;14102158;0;1
149;314;0;777;1000;14102165;0;1
153;316;0;776;1010;14102172;0;1
158;318;0;777;1030;14102179;0;1
161;320;0;776;1020;14102186;0;1
164;322;0;778;1020;14102193;0;1
167;324;0;782;1010;14102200;0;1
170;327;0;779;1010;14102207;0;1
173;330;0;778;1010;14102214;0;1
176;332;0;777;1020;14102221;0;1
180;335;0;777;1010;14102228;0;1
184;338;0;777;1010;14102235;0;1
189;340;0;778;1010;14102242;0;1
193;342;0;780;1010;14102249;0;1
196;344;0;781;1000;14102256;0;1
200;345;0;778;990;14102263;0;1
204;347;0;779;980;14102270;0;1
208;349;0;778;990;14102278;0;1
212;351;0;778;990;14102285;0;1
216;353;0;780;1010;14102292;0;1
220;355;0;779;1010;14102299;0;1
224;356;0;783;1000;14102306;0;1
228;358;0;782;1000;14102313;0;1
231;359;0;780;1000;14102320;0;1
235;361;0;780;1000;14102327;0;1
239;362;0;781;990;14102334;0;1
242;363;0;781;990;14102341;0;1
245;363;0;781;990;14102348;0;1
249;364;0;780;990;14102355;0;1
252;365;0;781;990;14102362;0;1
256;366;0;781;990;14102369;0;1
260;367;0;782;990;14102376;0;1
264;368;0;782;990;14102383;0;1
268;369;0;781;990;14102390;0;1
272;370;0;781;1000;14102397;0;1
276;371;0;781;1000;14102404;0;1
281;371;0;782;1010;14102411;0;1
286;372;0;782;1010;14102418;0;1
291;372;0;782;1010;14102425;0;1
296;373;0;783;1010;14102432;0;1
302;373;0;782;1020;14102439;0;1
307;374;0;783;1020;14102446;0;1
312;374;0;784;1020;14102453;0;1
317;374;0;784;1030;14102461;0;1
322;375;0;787;1020;14102468;0;1
328;375;0;786;1030;14102475;0;1
333;376;0;785;1010;14102482;0;1
339;376;0;785;1020;14102489;0;1
344;377;0;784;1020;14102496;0;1
350;378;0;784;1010;14102503;0;1
356;378;0;787;1020;14102510;0;1
362;378;0;787;1010;14102517;0;1
368;379;0;785;1020;14102524;0;1
375;379;0;784;1020;14102531;0;1
381;379;0;785;1020;14102538;0;1
388;379;0;784;1030;14102545;0;1
395;379;0;785;1040;14102552;0;1
402;379;0;786;1070;14102559;0;1
408;379;0;786;1080;14102566;0;1
414;379;0;786;1090;14102573;0;1
420;378;0;779;1090;14102580;0;1
427;378;0;786;1090;14102587;0;1
433;378;0;786;1090;14102594;0;1
440;378;0;785;1090;14102601;0;1
446;377;0;786;1090;14102608;0;1
452;377;0;787;1090;14102615;0;1
459;376;0;786;1090;14102622;0;1
465;376;0;788;1100;14102629;0;1
472;375;0;787;1120;14102636;0;1
479;374;0;787;1120;14102643;0;1
486;372;0;788;1120;14102651;0;1
493;371;0;786;1140;14102658;0;1
499;369;0;788;1140;14102665;0;1
506;368;0;788;1150;14102672;0;1
513;366;0;789;1140;14102679;0;1
520;364;0;788;1140;14102686;0;1
527;362;0;790;1140;14102693;0;1
534;360;0;793;1140;14102700;0;1
541;358;0;789;1150;14102707;0;1
547;356;0;792;1140;14102714;0;1
554;354;0;792;1140;14102721;0;1
560;352;0;792;1140;14102728;0;1
566;350;0;792;1150;14102735;0;1
573;348;0;792;1170;14102742;0;1
579;345;0;792;1150;14102749;0;1
585;343;0;792;1140;14102756;0;1
591;340;0;792;1120;14102763;0;1
596;338;0;792;1090;14102770;0;1
602;335;0;792;1090;14102777;0;1
608;332;0;792;1090;14102784;0;1
613;330;0;794;1090;14102791;0;1
619;327;0;793;1090;14102798;0;1
625;324;0;792;1090;14102805;0;1
630;322;0;792;1090;14102812;0;1
636;319;0;794;1100;14102819;0;1
641;317;0;792;1100;14102826;0;1
645;314;0;792;1100;14102834;0;1
650;312;0;795;1090;14102841;0;1
654;309;0;793;1090;14102848;0;1
658;307;0;792;1100;14102855;0;1
662;305;0;794;1100;14102862;0;1
667;302;0;792;1090;14102869;0;1
671;300;0;792;1100;14102876;0;1
675;298;0;792;1100;14102883;0;1
679;296;0;792;1100;14102890;0;1
683;294;0;792;1090;14102897;0;1
686;291;0;793;1070;14102904;0;1
690;289;0;796;1060;14102911;0;1
693;287;0;793;1060;14102918;0;1
697;284;0;792;1060;14102925;0;1
701;282;0;794;1060;14102932;0;1
704;280;0;794;1060;14102939;0;1
707;277;0;793;1080;14102946;0;1
710;275;0;793;1080;14102953;0;1
713;273;0;794;1090;14102960;0;1
715;271;0;794;1090;14102967;0;1
717;270;0;795;1090;14102974;0;1
719;268;0;796;1090;14102981;0;1
721;266;0;796;1100;14102988;0;1
722;264;0;797;1110;14102995;0;1
724;262;0;798;1110;14103002;0;1
725;261;0;799;1110;14103009;0;1
726;259;0;798;1110;14103017;0;1
727;258;0;799;1100;14103024;0;1
728;256;0;800;1100;14103031;0;1
728;255;0;801;1100;14103038;0;1
729;253;0;803;1100;14103045;0;1
729;251;0;804;1100;14103052;0;1
730;249;0;803;1100;14103059;0;1
730;248;0;807;1120;14103066;0;1
730;246;0;803;1120;14103073;0;1
730;244;0;803;1130;14103080;0;1
731;243;0;803;1130;14103087;0;1
731;241;0;802;1140;14103094;0;1
732;238;0;801;1140;14103101;0;1
733;236;0;801;1140;14103108;0;1
733;234;0;799;1140;14103115;0;1
734;232;0;798;1140;14103122;0;1
734;231;0;799;1140;14103129;0;1
734;229;0;800;1140;14103136;0;1
734;228;0;798;1150;14103143;0;1
734;226;0;799;1150;14103150;0;1
734;225;0;799;1170;14103157;0;1
734;223;0;800;1170;14103164;0;1
733;222;0;800;1170;14103171;0;1
733;221;0;799;1180;14103178;0;1
733;220;0;800;1180;14103185;0;1
732;219;0;800;1170;14103192;0;1
731;218;0;797;1170;14103199;0;1
730;217;0;800;1170;14103207;0;1
729;216;0;797;1160;14103214;0;1
729;215;0;798;1160;14103221;0;1
729;214;0;801;1170;14103228;0;1
729;212;0;797;1170;14103235;0;1
729;211;0;795;1180;14103242;0;1
730;210;0;795;1180;14103249;0;1
731;209;0;794;1180;14103256;0;1
731;209;0;793;1190;14103263;0;1
732;208;0;794;1180;14103270;0;1
733;207;0;794;1180;14103277;0;1
733;207;0;792;1180;14103284;0;1
734;206;0;792;1180;14103291;0;1
734;206;0;792;1180;14103298;0;1
734;206;0;792;1170;14103305;0;1
734;206;0;792;1170;14103312;0;1
734;206;0;790;1170;14103319;0;1
734;206;0;790;1170;14103326;0;1
735;205;0;792;1190;14103333;0;1
735;204;0;792;1190;14103340;0;1
736;203;0;792;1190;14103347;0;1
736;203;0;792;1190;14103354;0;1
737;202;0;792;1170;14103361;0;1
737;202;0;792;1170;14103368;0;1
738;201;0;792;1170;14103375;0;1
738;201;0;792;1190;14103382;0;1
739;200;0;790;1190;14103390;0;1
739;200;0;788;1190;14103397;0;1
740;200;0;787;1200;14103404;0;1
741;200;0;786;1200;14103411;0;1
742;200;0;785;1200;14103418;0;1
742;199;0;782;1200;14103425;0;1
743;199;0;782;1200;14103432;0;1
743;199;0;781;1200;14103439;0;1
744;199;0;783;1200;14103446;0;1
744;199;0;780;1200;14103453;0;1
744;199;0;773;1200;14103460;0;1
744;200;0;782;1200;14103467;0;1
744;200;0;782;1190;14103474;0;1
744;200;0;785;1190;14103481;0;1
744;199;0;790;1200;14103488;0;1
744;199;0;788;1200;14103495;0;1
744;199;0;789;1200;14103502;0;1
745;198;0;789;1200;14103509;0;1
745;198;0;793;1190;14103516;0;1
745;198;0;779;1170;14103523;0;1
745;198;0;799;1180;14103530;0;1
745;198;0;779;1180;14103537;0;1
745;198;0;799;1180;14103544;0;1
745;198;0;776;1180;14103551;0;1
745;198;0;792;1180;14103558;0;1
746;199;0;771;1190;14103565;0;1
747;199;0;788;1190;14103573;0;1
748;200;0;781;1200;14103580;0;1
750;201;0;779;1210;14103587;0;1
750;201;0;777;1200;14103594;0;1
751;202;0;778;1190;14103601;0;1
752;203;0;777;1190;14103608;0;1
752;204;0;778;1190;14103615;0;1
752;205;0;775;1190;14103622;0;1
752;205;0;779;1190;14103629;0;1
752;206;0;776;1200;14103636;0;1
752;206;0;776;1200;14103643;0;1
751;206;0;776;1200;14103650;0;1
751;206;0;776;1200;14103657;0;1
751;206;0;778;1200;14103664;0;1
750;206;0;778;1200;14103671;0;1
750;206;0;776;1200;14103678;0;1
750;206;0;771;1200;14103685;0;1
749;206;0;767;1210;14103692;0;1
749;206;0;759;1210;14103699;0;1
749;206;0;750;1210;14103706;0;1
749;206;0;740;1200;14103713;0;1
749;206;0;728;1190;14103720;0;1
749;206;0;709;1190;14103727;0;1
749;206;0;676;1200;14103734;0;1
749;206;0;632;1200;14103741;0;1
749;207;0;588;1200;14103748;0;1
749;207;0;537;1200;14103756;0;1
750;209;0;452;1200;14103763;0;1
751;209;0;346;1200;14103770;0;1
752;210;0;169;1210;14103777;0;1
376;208;0;9;1110;14113537;1;1
376;207;0;14;1130;14113544;1;1
375;207;0;14;1110;14113551;1;1
374;207;0;13;1120;14113558;1;1
374;206;0;9;1130;14113565;1;1
373;206;0;6;1130;14113572;1;1
372;205;0;3;1130;14113579;1;1
371;205;0;3;1110;14113586;1;1
370;204;0;4;1130;14113593;1;1
369;203;0;7;1120;14113600;1;1
369;203;0;15;1120;14113607;1;1
368;202;0;27;1110;14113614;1;1
367;201;0;40;1110;14113621;1;1
366;200;0;53;1120;14113628;1;1
366;200;0;61;1120;14113635;1;1
365;199;0;74;1110;14113642;1;1
364;198;0;80;1120;14113649;1;1
364;197;0;87;1110;14113656;1;1
363;196;0;99;1110;14113663;1;1
362;195;0;103;1120;14113670;1;1
361;195;0;104;1130;14113677;1;1
361;194;0;110;1120;14113684;1;1
360;193;0;116;1130;14113691;1;1
359;193;0;127;1130;14113699;1;1
358;192;0;148;1130;14113706;1;1
357;192;0;165;1150;14113713;1;1
356;191;0;184;1130;14113720;1;1
355;191;0;202;1130;14113727;1;1
354;190;0;220;1120;14113734;1;1
353;190;0;235;1120;14113741;1;1
352;189;0;247;1130;14113748;1;1
351;188;0;259;1130;14113755;1;1
350;188;0;269;1150;14113762;1;1
348;187;0;279;1140;14113769;1;1
347;187;0;289;1140;14113776;1;1
345;187;0;299;1140;14113783;1;1
343;186;0;309;1140;14113790;1;1
342;186;0;317;1140;14113797;1;1
340;186;0;326;1140;14113804;1;1
339;186;0;334;1140;14113811;1;1
337;186;0;341;1140;14113818;1;1
336;186;0;344;1140;14113825;1;1
334;186;0;348;1140;14113832;1;1
333;186;0;350;1150;14113839;1;1
332;186;0;354;1150;14113846;1;1
331;186;0;356;1150;14113853;1;1
330;187;0;357;1170;14113860;1;1
330;187;0;357;1150;14113867;1;1
330;188;0;356;1170;14113874;1;1
330;188;0;355;1170;14113881;1;1
330;189;0;346;1150;14113889;1;1
331;189;0;334;1150;14113896;1;1
331;190;0;325;1130;14113903;1;1
332;190;0;318;1130;14113910;1;1
333;190;0;316;1130;14113917;1;1
334;190;0;317;1130;14113924;1;1
334;190;0;321;1130;14113931;1;1
335;190;0;335;1130;14113938;1;1
336;191;0;354;1120;14113945;1;1
337;191;0;368;1120;14113952;1;1
339;192;0;380;1130;14113959;1;1
340;192;0;392;1130;14113966;1;1
342;193;0;398;1130;14113973;1;1
343;194;0;404;1130;14113980;1;1
346;194;0;406;1120;14113987;1;1
348;195;0;408;1120;14113994;1;1
350;196;0;408;1120;14114001;1;1
352;197;0;409;1110;14114008;1;1
355;197;0;410;1120;14114015;1;1
357;197;0;411;1120;14114022;1;1
359;197;0;412;1120;14114029;1;1
360;197;0;406;1120;14114036;1;1
362;196;0;413;1130;14114043;1;1
363;196;0;416;1130;14114050;1;1
364;196;0;426;1140;14114057;1;1
365;195;0;437;1130;14114064;1;1
366;195;0;447;1140;14114072;1;1
366;195;0;457;1140;14114079;1;1
366;195;0;464;1150;14114086;1;1
366;195;0;469;1150;14114093;1;1
366;195;0;474;1140;14114100;1;1
366;196;0;478;1140;14114107;1;1
365;197;0;481;1140;14114114;1;1
365;198;0;482;1130;14114121;1;1
364;198;0;484;1130;14114128;1;1
364;198;0;478;1110;14114135;1;1
364;198;0;490;1120;14114142;1;1
364;198;0;485;1110;14114149;1;1
364;197;0;495;1120;14114156;1;1
364;197;0;490;1120;14114163;1;1
364;196;0;505;1130;14114170;1;1
364;195;0;503;1120;14114177;1;1
364;194;0;515;1130;14114184;1;1
365;193;0;520;1130;14114191;1;1
365;193;0;526;1140;14114198;1;1
366;192;0;531;1140;14114205;1;1
367;192;0;534;1140;14114212;1;1
368;192;0;537;1140;14114219;1;1
369;191;0;540;1140;14114226;1;1
370;191;0;542;1150;14114233;1;1
371;191;0;544;1160;14114240;1;1
372;191;0;547;1150;14114247;1;1
373;191;0;549;1150;14114255;1;1
373;191;0;552;1150;14114262;1;1
374;191;0;556;1130;14114269;1;1
374;191;0;559;1130;14114276;1;1
374;191;0;561;1130;14114283;1;1
374;191;0;562;1140;14114290;1;1
374;191;0;568;1150;14114297;1;1
374;190;0;574;1150;14114304;1;1
374;189;0;577;1150;14114311;1;1
373;189;0;579;1150;14114318;1;1
373;188;0;582;1150;14114325;1;1
372;187;0;584;1150;14114332;1;1
371;186;0;586;1150;14114339;1;1
370;185;0;587;1130;14114346;1;1
369;185;0;589;1130;14114353;1;1
368;185;0;589;1130;14114360;1;1
366;184;0;590;1140;14114367;1;1
364;184;0;590;1140;14114374;1;1
363;184;0;592;1140;14114381;1;1
360;184;0;592;1140;14114388;1;1
358;184;0;594;1140;14114395;1;1
357;184;0;592;1140;14114402;1;1
354;184;0;592;1130;14114409;1;1
353;185;0;592;1140;14114416;1;1
351;185;0;592;1140;14114423;1;1
349;185;0;592;1130;14114430;1;1
347;186;0;592;1130;14114437;1;1
346;186;0;592;1130;14114445;1;1
345;187;0;592;1120;14114452;1;1
343;187;0;592;1120;14114459;1;1
342;188;0;592;1130;14114466;1;1
341;189;0;592;1120;14114473;1;1
340;190;0;590;1130;14114480;1;1
338;191;0;590;1130;14114487;1;1
337;192;0;590;1120;14114494;1;1
336;193;0;589;1120;14114501;1;1
334;195;0;592;1100;14114508;1;1
332;196;0;594;1100;14114515;1;1
331;198;0;594;1100;14114522;1;1
330;199;0;599;1080;14114529;1;1
329;200;0;589;1090;14114536;1;1
327;201;0;601;1100;14114543;1;1
327;202;0;598;1090;14114550;1;1
326;202;0;599;1090;14114557;1;1
326;203;0;600;1090;14114564;1;1
325;203;0;601;1090;14114571;1;1
325;204;0;602;1090;14114578;1;1
324;204;0;602;1090;14114585;1;1
323;205;0;605;1090;14114592;1;1
322;206;0;605;1090;14114599;1;1
321;207;0;608;1080;14114606;1;1
321;208;0;611;1080;14114613;1;1
320;209;0;614;1090;14114620;1;1
320;211;0;615;1090;14114628;1;1
319;212;0;619;1100;14114635;1;1
319;213;0;622;1100;14114642;1;1
318;214;0;623;1090;14114649;1;1
318;216;0;623;1100;14114656;1;1
317;217;0;623;1100;14114663;1;1
317;218;0;625;1100;14114670;1;1
317;219;0;624;1100;14114677;1;1
317;220;0;629;1100;14114684;1;1
317;221;0;627;1100;14114691;1;1
317;222;0;627;1090;14114698;1;1
317;223;0;625;1100;14114705;1;1
318;223;0;627;1090;14114712;1;1
318;224;0;627;1090;14114719;1;1
319;225;0;629;1090;14114726;1;1
320;226;0;627;1090;14114733;1;1
321;228;0;627;1090;14114740;1;1
322;229;0;625;1100;14114747;1;1
324;231;0;627;1110;14114754;1;1
325;233;0;627;1110;14114761;1;1
326;235;0;628;1100;14114768;1;1
327;236;0;628;1100;14114775;1;1
328;238;0;628;1090;14114782;1;1
330;239;0;629;1090;14114789;1;1
331;240;0;628;1080;14114796;1;1
332;241;0;628;1080;14114803;1;1
333;242;0;630;1090;14114811;1;1
334;244;0;629;1100;14114818;1;1
335;245;0;629;1100;14114825;1;1
336;246;0;632;1100;14114832;1;1
337;247;0;633;1110;14114839;1;1
339;248;0;635;1100;14114846;1;1
340;249;0;635;1080;14114853;1;1
342;250;0;638;1060;14114860;1;1
343;252;0;645;1050;14114867;1;1
344;253;0;643;1050;14114874;1;1
346;255;0;645;1050;14114881;1;1
347;256;0;645;1050;14114888;1;1
348;257;0;648;1050;14114895;1;1
350;258;0;651;1050;14114902;1;1
351;259;0;652;1050;14114909;1;1
353;259;0;654;1050;14114916;1;1
354;260;0;653;1050;14114923;1;1
356;260;0;657;1060;14114930;1;1
357;261;0;654;1050;14114937;1;1
359;261;0;655;1060;14114944;1;1
360;262;0;654;1060;14114951;1;1
362;262;0;655;1070;14114958;1;1
364;262;0;657;1070;14114965;1;1
365;262;0;658;1070;14114972;1;1
367;262;0;657;1070;14114979;1;1
370;262;0;661;1080;14114986;1;1
371;262;0;666;1080;14114993;1;1
373;262;0;668;1070;14115001;1;1
375;261;0;670;1070;14115008;1;1
377;261;0;669;1060;14115015;1;1
378;261;0;672;1070;14115022;1;1
379;261;0;673;1070;14115029;1;1
380;261;0;671;1070;14115036;1;1
380;261;0;672;1060;14115043;1;1
381;261;0;672;1060;14115050;1;1
381;261;0;672;1070;14115057;1;1
381;261;0;673;1070;14115064;1;1
382;261;0;673;1070;14115071;1;1
382;261;0;673;1050;14115078;1;1
382;261;0;674;1050;14115085;1;1
383;261;0;673;1070;14115092;1;1
383;261;0;675;1070;14115099;1;1
383;261;0;674;1070;14115106;1;1
383;261;0;674;1070;14115113;1;1
383;261;0;675;1070;14115120;1;1
383;261;0;675;1060;14115127;1;1
383;261;0;677;1050;14115134;1;1
383;261;0;678;1060;14115141;1;1
383;261;0;681;1050;14115148;1;1
383;261;0;681;1050;14115155;1;1
383;261;0;684;1050;14115162;1;1
383;261;0;684;1060;14115169;1;1
383;261;0;685;1060;14115176;1;1
383;261;0;687;1060;14115184;1;1
383;261;0;687;1060;14115191;1;1
383;261;0;688;1060;14115198;1;1
383;261;0;687;1070;14115205;1;1
383;261;0;689;1070;14115212;1;1
383;261;0;690;1060;14115219;1;1
382;261;0;689;1060;14115226;1;1
382;261;0;689;1040;14115233;1;1
382;261;0;690;1050;14115240;1;1
381;261;0;690;1050;14115247;1;1
381;261;0;690;1060;14115254;1;1
381;261;0;690;1060;14115261;1;1
380;261;0;690;1060;14115268;1;1
380;261;0;690;1060;14115275;1;1
380;261;0;693;1050;14115282;1;1
380;261;0;693;1060;14115289;1;1
379;261;0;694;1050;14115296;1;1
379;260;0;695;1050;14115303;1;1
379;260;0;696;1060;14115310;1;1
378;260;0;696;1050;14115317;1;1
378;260;0;701;1060;14115324;1;1
378;260;0;700;1040;14115331;1;1
377;260;0;701;1040;14115338;1;1
377;260;0;700;1040;14115345;1;1
377;260;0;701;1040;14115352;1;1
377;260;0;702;1060;14115359;1;1
377;260;0;702;1060;14115367;1;1
377;260;0;702;1060;14115374;1;1
376;259;0;702;1050;14115381;1;1
376;259;0;702;1050;14115388;1;1
376;259;0;702;1050;14115395;1;1
376;259;0;702;1040;14115402;1;1
377;259;0;701;1060;14115409;1;1
377;259;0;702;1040;14115416;1;1
377;259;0;702;1050;14115423;1;1
377;260;0;702;1050;14115430;1;1
378;260;0;702;1050;14115437;1;1
378;260;0;702;1050;14115444;1;1
379;260;0;703;1050;14115451;1;1
379;260;0;702;1050;14115458;1;1
379;260;0;703;1030;14115465;1;1
380;260;0;704;1040;14115472;1;1
380;260;0;705;1040;14115479;1;1
381;260;0;707;1040;14115486;1;1
381;260;0;707;1040;14115493;1;1
381;260;0;708;1050;14115500;1;1
382;260;0;710;1050;14115507;1;1
382;261;0;711;1050;14115514;1;1
382;261;0;709;1050;14115521;1;1
383;261;0;710;1040;14115528;1;1
383;261;0;711;1040;14115535;1;1
384;261;0;711;1040;14115542;1;1
385;261;0;711;1040;14115549;1;1
385;261;0;712;1050;14115557;1;1
386;261;0;713;1060;14115564;1;1
387;261;0;714;1060;14115571;1;1
389;261;0;714;1050;14115578;1;1
390;261;0;714;1060;14115585;1;1
391;260;0;715;1050;14115592;1;1
393;260;0;716;1060;14115599;1;1
394;260;0;717;1060;14115606;1;1
396;260;0;716;1040;14115613;1;1
397;260;0;717;1040;14115620;1;1
399;259;0;720;1040;14115627;1;1
401;259;0;720;1050;14115634;1;1
403;258;0;723;1050;14115641;1;1
404;258;0;721;1060;14115648;1;1
406;257;0;722;1060;14115655;1;1
408;256;0;722;1070;14115662;1;1
410;256;0;723;1070;14115669;1;1
413;255;0;727;1070;14115676;1;1
415;254;0;724;1070;14115683;1;1
418;253;0;726;1070;14115690;1;1
421;252;0;730;1070;14115697;1;1
425;250;0;732;1070;14115704;1;1
429;248;0;732;1080;14115711;1;1
433;246;0;733;1080;14115718;1;1
438;244;0;735;1080;14115725;1;1
443;241;0;735;1090;14115732;1;1
447;239;0;736;1090;14115740;1;1
452;237;0;739;1080;14115747;1;1
456;234;0;739;1080;14115754;1;1
460;232;0;739;1110;14115761;1;1
464;230;0;739;1140;14115768;1;1
468;228;0;740;1150;14115775;1;1
471;226;0;741;1160;14115782;1;1
475;224;0;741;1180;14115789;1;1
479;222;0;742;1190;14115796;1;1
483;220;0;742;1200;14115803;1;1
487;217;0;742;1200;14115810;1;1
490;215;0;743;1210;14115817;1;1
494;213;0;743;1200;14115824;1;1
497;210;0;743;1190;14115831;1;1
500;208;0;744;1180;14115838;1;1
503;205;0;744;1200;14115845;1;1
505;202;0;745;1200;14115852;1;1
507;199;0;747;1170;14115859;1;1
508;196;0;747;1150;14115866;1;1
509;194;0;739;1130;14115873;1;1
510;192;0;752;1110;14115880;1;1
511;190;0;755;1110;14115887;1;1
512;189;0;756;1110;14115894;1;1
513;187;0;759;1110;14115901;1;1
513;186;0;760;1110;14115908;1;1
513;184;0;761;1120;14115915;1;1
513;183;0;763;1120;14115923;1;1
513;182;0;765;1120;14115930;1;1
513;181;0;767;1120;14115937;1;1
512;180;0;767;1130;14115944;1;1
512;179;0;769;1140;14115951;1;1
512;178;0;770;1140;14115958;1;1
511;178;0;772;1140;14115965;1;1
511;177;0;772;1160;14115972;1;1
510;176;0;771;1160;14115979;1;1
509;175;0;776;1160;14115986;1;1
508;174;0;774;1180;14115993;1;1
506;172;0;773;1180;14116000;1;1
504;171;0;774;1170;14116007;1;1
502;169;0;774;1180;14116014;1;1
500;168;0;774;1180;14116021;1;1
498;166;0;774;1180;14116028;1;1
496;165;0;775;1180;14116035;1;1
494;164;0;778;1180;14116042;1;1
491;162;0;773;1170;14116049;1;1
488;161;0;773;1180;14116056;1;1
486;160;0;773;1190;14116063;1;1
483;159;0;774;1200;14116070;1;1
480;158;0;773;1210;14116077;1;1
478;157;0;776;1200;14116084;1;1
476;156;0;773;1220;14116091;1;1
474;155;0;773;1210;14116098;1;1
473;155;0;776;1230;14116105;1;1
471;154;0;773;1230;14116113;1;1
469;153;0;774;1200;14116120;1;1
468;153;0;774;1200;14116127;1;1
467;152;0;773;1190;14116134;1;1
465;151;0;773;1190;14116141;1;1
464;150;0;774;1200;14116148;1;1
463;150;0;774;1200;14116155;1;1
461;149;0;773;1200;14116162;1;1
460;148;0;773;1200;14116169;1;1
459;148;0;773;1200;14116176;1;1
458;147;0;773;1220;14116183;1;1
457;146;0;776;1200;14116190;1;1
456;146;0;773;1200;14116197;1;1
454;145;0;773;1190;14116204;1;1
453;144;0;776;1180;14116211;1;1
453;144;0;773;1190;14116218;1;1
452;143;0;776;1190;14116225;1;1
451;143;0;773;1180;14116232;1;1
451;142;0;773;1180;14116239;1;1
450;142;0;773;1180;14116246;1;1
449;142;0;773;1180;14116253;1;1
448;142;0;773;1180;14116260;1;1
447;142;0;775;1180;14116267;1;1
447;141;0;775;1180;14116274;1;1
446;141;0;776;1180;14116281;1;1
446;141;0;770;1170;14116288;1;1
445;141;0;775;1150;14116296;1;1
445;141;0;773;1150;14116303;1;1
444;141;0;771;1150;14116310;1;1
444;141;0;771;1150;14116317;1;1
443;141;0;773;1150;14116324;1;1
443;141;0;775;1160;14116331;1;1
442;141;0;769;1170;14116338;1;1
442;141;0;770;1170;14116345;1;1
442;141;0;770;1170;14116352;1;1
442;141;0;769;1170;14116359;1;1
442;141;0;775;1170;14116366;1;1
442;141;0;771;1170;14116373;1;1
441;141;0;772;1180;14116380;1;1
441;141;0;770;1170;14116387;1;1
441;141;0;770;1200;14116394;1;1
440;141;0;770;1180;14116401;1;1
440;141;0;771;1180;14116408;1;1
440;141;0;771;1170;14116415;1;1
439;141;0;770;1150;14116422;1;1
438;141;0;772;1150;14116429;1;1
437;141;0;770;1150;14116436;1;1
436;141;0;771;1150;14116443;1;1
435;141;0;773;1150;14116450;1;1
434;141;0;769;1160;14116457;1;1
433;141;0;773;1160;14116464;1;1
431;141;0;771;1160;14116471;1;1
429;140;0;773;1170;14116479;1;1
427;140;0;770;1160;14116486;1;1
425;140;0;771;1160;14116493;1;1
422;140;0;773;1150;14116500;1;1
420;140;0;771;1130;14116507;1;1
417;140;0;772;1130;14116514;1;1
414;139;0;771;1140;14116521;1;1
411;139;0;772;1140;14116528;1;1
408;138;0;775;1160;14116535;1;1
404;138;0;773;1160;14116542;1;1
401;137;0;771;1130;14116549;1;1
396;137;0;773;1120;14116556;1;1
392;137;0;771;1140;14116563;1;1
387;136;0;772;1130;14116570;1;1
381;136;0;770;1120;14116577;1;1
376;136;0;772;1140;14116584;1;1
371;136;0;771;1140;14116591;1;1
366;136;0;776;1140;14116598;1;1
361;136;0;772;1130;14116605;1;1
355;136;0;772;1110;14116612;1;1
350;136;0;772;1100;14116619;1;1
344;136;0;772;1100;14116626;1;1
338;136;0;771;1090;14116633;1;1
332;136;0;771;1080;14116640;1;1
327;137;0;772;1080;14116647;1;1
321;138;0;773;1070;14116654;1;1
315;138;0;773;1080;14116662;1;1
309;139;0;772;1070;14116669;1;1
303;139;0;775;1050;14116676;1;1
296;140;0;776;1040;14116683;1;1
289;141;0;773;1030;14116690;1;1
283;142;0;773;1010;14116697;1;1
276;143;0;773;1010;14116704;1;1
270;144;0;773;1000;14116711;1;1
264;145;0;774;1010;14116718;1;1
258;147;0;773;1010;14116725;1;1
252;149;0;774;1020;14116732;1;1
247;150;0;775;1030;14116739;1;1
242;152;0;774;1040;14116746;1;1
237;154;0;776;1040;14116753;1;1
232;156;0;776;1060;14116760;1;1
227;159;0;779;1080;14116767;1;1
223;162;0;776;1100;14116774;1;1
218;165;0;777;1110;14116781;1;1
213;167;0;779;1100;14116788;1;1
209;170;0;776;1100;14116795;1;1
206;173;0;776;1090;14116802;1;1
203;176;0;777;1080;14116809;1;1
200;179;0;776;1090;14116816;1;1
198;182;0;774;1090;14116823;1;1
196;185;0;776;1080;14116830;1;1
194;187;0;774;1080;14116837;1;1
193;190;0;774;1080;14116844;1;1
192;193;0;774;1070;14116852;1;1
191;196;0;773;1070;14116859;1;1
190;199;0;773;1070;14116866;1;1
189;202;0;771;1070;14116873;1;1
189;205;0;773;1070;14116880;1;1
189;208;0;767;1070;14116887;1;1
189;211;0;767;1080;14116894;1;1
189;214;0;767;1070;14116901;1;1
190;218;0;767;1080;14116908;1;1
190;221;0;768;1070;14116915;1;1
191;224;0;768;1070;14116922;1;1
193;227;0;770;1060;14116929;1;1
194;229;0;768;1050;14116936;1;1
196;231;0;768;1050;14116943;1;1
198;234;0;770;1070;14116950;1;1
201;236;0;769;1050;14116957;1;1
203;238;0;770;1040;14116964;1;1
206;240;0;770;1030;14116971;1;1
209;242;0;770;1020;14116978;1;1
212;244;0;773;1010;14116985;1;1
215;246;0;771;1010;14116992;1;1
219;248;0;773;1010;14116999;1;1
222;251;0;774;1010;14117006;1;1
225;253;0;772;1000;14117013;1;1
228;255;0;775;1010;14117020;1;1
231;257;0;777;1000;14117027;1;1
234;259;0;773;1000;14117035;1;1
236;261;0;770;990;14117042;1;1
239;263;0;773;990;14117049;1;1
242;265;0;772;990;14117056;1;1
244;266;0;771;990;14117063;1;1
247;268;0;772;990;14117070;1;1
249;270;0;771;990;14117077;1;1
252;271;0;770;990;14117084;1;1
254;273;0;771;1000;14117091;1;1
257;274;0;771;1000;14117098;1;1
260;275;0;771;1000;14117105;1;1
263;276;0;773;1000;14117112;1;1
266;278;0;770;1010;14117119;1;1
269;279;0;774;1010;14117126;1;1
272;280;0;770;1010;14117133;1;1
274;281;0;771;1010;14117140;1;1
277;282;0;771;1010;14117147;1;1
279;283;0;772;1020;14117154;1;1
282;284;0;771;1020;14117161;1;1
284;285;0;771;1010;14117168;1;1
286;287;0;773;1010;14117175;1;1
289;288;0;772;1010;14117182;1;1
291;289;0;772;1010;14117189;1;1
294;290;0;770;1000;14117196;1;1
297;292;0;773;1010;14117203;1;1
300;293;0;775;1020;14117210;1;1
304;294;0;775;1030;14117218;1;1
307;295;0;775;1020;14117225;1;1
310;297;0;776;1000;14117232;1;1
313;298;0;781;980;14117239;1;1
317;299;0;779;960;14117246;1;1
320;300;0;778;970;14117253;1;1
323;301;0;779;960;14117260;1;1
327;301;0;778;960;14117267;1;1
330;302;0;779;960;14117274;1;1
334;303;0;779;950;14117281;1;1
338;304;0;779;960;14117288;1;1
341;305;0;781;960;14117295;1;1
345;306;0;782;950;14117302;1;1
349;307;0;782;970;14117309;1;1
353;307;0;785;970;14117316;1;1
356;308;0;782;970;14117323;1;1
360;309;0;783;970;14117330;1;1
363;310;0;782;970;14117337;1;1
367;310;0;785;970;14117344;1;1
371;311;0;786;970;14117351;1;1
375;312;0;788;990;14117358;1;1
379;312;0;788;990;14117365;1;1
383;313;0;792;990;14117372;1;1
388;313;0;790;1000;14117379;1;1
392;314;0;790;1010;14117386;1;1
396;314;0;792;1020;14117393;1;1
400;314;0;792;1040;14117400;1;1
404;314;0;792;1050;14117408;1;1
407;314;0;793;1050;14117415;1;1
411;314;0;792;1050;14117422;1;1
414;314;0;793;1050;14117429;1;1
417;314;0;794;1050;14117436;1;1
420;314;0;796;1050;14117443;1;1
423;315;0;794;1060;14117450;1;1
426;315;0;794;1040;14117457;1;1
429;315;0;795;1040;14117464;1;1
433;315;0;795;1040;14117471;1;1
436;315;0;797;1040;14117478;1;1
440;315;0;798;1040;14117485;1;1
443;315;0;796;1050;14117492;1;1
446;315;0;797;1050;14117499;1;1
450;314;0;797;1070;14117506;1;1
453;314;0;798;1070;14117513;1;1
456;314;0;799;1060;14117520;1;1
459;314;0;802;1060;14117527;1;1
462;314;0;799;1070;14117534;1;1
464;314;0;799;1070;14117541;1;1
467;314;0;799;1070;14117548;1;1
469;314;0;800;1070;14117555;1;1
471;314;0;798;1070;14117562;1;1
473;314;0;799;1070;14117569;1;1
475;314;0;798;1070;14117576;1;1
477;314;0;799;1070;14117583;1;1
479;314;0;798;1070;14117591;1;1
481;314;0;798;1070;14117598;1;1
483;314;0;799;1080;14117605;1;1
484;314;0;798;1080;14117612;1;1
486;314;0;800;1080;14117619;1;1
487;314;0;800;1100;14117626;1;1
488;314;0;803;1080;14117633;1;1
490;313;0;807;1080;14117640;1;1
491;313;0;805;1090;14117647;1;1
492;312;0;806;1090;14117654;1;1
493;312;0;809;1100;14117661;1;1
495;311;0;809;1110;14117668;1;1
496;310;0;809;1110;14117675;1;1
497;310;0;813;1120;14117682;1;1
498;309;0;809;1100;14117689;1;1
499;309;0;809;1120;14117696;1;1
500;309;0;813;1100;14117703;1;1
501;308;0;810;1100;14117710;1;1
502;308;0;811;1100;14117717;1;1
503;307;0;810;1090;14117724;1;1
504;307;0;810;1100;14117731;1;1
505;306;0;811;1100;14117738;1;1
507;305;0;817;1110;14117745;1;1
508;305;0;815;1110;14117752;1;1
509;304;0;818;1090;14117759;1;1
511;303;0;821;1090;14117766;1;1
513;301;0;825;1080;14117774;1;1
514;300;0;828;1080;14117781;1;1
516;299;0;830;1080;14117788;1;1
518;297;0;833;1100;14117795;1;1
520;295;0;834;1070;14117802;1;1
523;293;0;836;1040;14117809;1;1
526;290;0;838;1020;14117816;1;1
529;287;0;839;990;14117823;1;1
533;285;0;839;1010;14117830;1;1
536;282;0;839;1020;14117837;1;1
539;279;0;840;1020;14117844;1;1
542;277;0;840;1040;14117851;1;1
545;274;0;841;1060;14117858;1;1
548;271;0;842;1060;14117865;1;1
551;268;0;843;1070;14117872;1;1
554;265;0;843;1090;14117879;1;1
556;262;0;845;1100;14117886;1;1
559;258;0;844;1100;14117893;1;1
562;255;0;846;1120;14117900;1;1
566;251;0;847;1120;14117907;1;1
569;247;0;847;1140;14117914;1;1
573;243;0;847;1140;14117921;1;1
577;238;0;847;1150;14117928;1;1
581;234;0;848;1140;14117935;1;1
584;229;0;849;1120;14117942;1;1
587;224;0;850;1130;14117949;1;1
590;219;0;851;1140;14117956;1;1
593;214;0;852;1160;14117964;1;1
595;209;0;851;1160;14117971;1;1
597;204;0;853;1160;14117978;1;1
598;200;0;855;1130;14117985;1;1
599;195;0;855;1100;14117992;1;1
599;191;0;844;1090;14117999;1;1
599;186;0;858;1090;14118006;1;1
599;182;0;859;1110;14118013;1;1
599;177;0;862;1140;14118020;1;1
597;172;0;865;1160;14118027;1;1
596;167;0;865;1160;14118034;1;1
594;163;0;867;1170;14118041;1;1
592;158;0;867;1170;14118048;1;1
589;153;0;869;1160;14118055;1;1
586;149;0;869;1190;14118062;1;1
582;145;0;872;1190;14118069;1;1
579;141;0;874;1190;14118076;1;1
574;137;0;872;1210;14118083;1;1
570;133;0;872;1220;14118090;1;1
565;129;0;872;1240;14118097;1;1
559;126;0;872;1220;14118104;1;1
554;122;0;873;1230;14118111;1;1
548;119;0;874;1220;14118118;1;1
542;115;0;875;1200;14118125;1;1
536;112;0;875;1220;14118132;1;1
529;109;0;875;1210;14118139;1;1
522;106;0;872;1230;14118147;1;1
515;103;0;872;1240;14118154;1;1
508;100;0;875;1250;14118161;1;1
500;97;0;871;1240;14118168;1;1
493;94;0;871;1200;14118175;1;1
484;91;0;874;1210;14118182;1;1
476;89;0;872;1250;14118189;1;1
468;87;0;869;1260;14118196;1;1
460;85;0;869;1300;14118203;1;1
453;83;0;869;1300;14118210;1;1
445;81;0;868;1280;14118217;1;1
436;80;0;867;1280;14118224;1;1
429;78;0;872;1300;14118231;1;1
421;77;0;867;1310;14118238;1;1
413;76;0;866;1300;14118245;1;1
405;76;0;866;1300;14118252;1;1
397;75;0;869;1290;14118259;1;1
388;75;0;863;1290;14118266;1;1
381;75;0;863;1300;14118273;1;1
373;75;0;863;1270;14118280;1;1
366;75;0;862;1260;14118287;1;1
359;75;0;861;1210;14118294;1;1
352;76;0;860;1180;14118301;1;1
346;76;0;859;1170;14118308;1;1
339;77;0;860;1110;14118315;1;1
333;78;0;859;1100;14118322;1;1
327;79;0;858;1060;14118330;1;1
321;81;0;858;1050;14118337;1;1
315;82;0;854;1040;14118344;1;1
309;84;0;852;1030;14118351;1;1
303;86;0;851;1040;14118358;1;1
296;89;0;850;1040;14118365;1;1
289;91;0;851;1030;14118372;1;1
281;95;0;848;1050;14118379;1;1
274;98;0;849;1040;14118386;1;1
266;102;0;852;1050;14118393;1;1
258;106;0;848;1070;14118400;1;1
250;110;0;848;1090;14118407;1;1
243;114;0;851;1100;14118414;1;1
236;119;0;849;1120;14118421;1;1
228;123;0;847;1110;14118428;1;1
220;127;0;847;1100;14118435;1;1
212;132;0;848;1070;14118442;1;1
205;135;0;846;1050;14118449;1;1
198;139;0;848;1040;14118456;1;1
192;143;0;847;1030;14118463;1;1
187;147;0;848;1030;14118470;1;1
182;151;0;848;1030;14118477;1;1
178;155;0;848;1040;14118484;1;1
175;158;0;848;1060;14118491;1;1
172;160;0;848;1080;14118498;1;1
169;163;0;848;1080;14118505;1;1
165;166;0;846;1070;14118512;1;1
160;170;0;847;1070;14118520;1;1
154;174;0;846;1070;14118527;1;1
148;178;0;847;1070;14118534;1;1
142;182;0;844;1080;14118541;1;1
137;186;0;844;1090;14118548;1;1
132;190;0;844;1070;14118555;1;1
127;193;0;842;1070;14118562;1;1
123;197;0;839;1070;14118569;1;1
119;200;0;839;1080;14118576;1;1
116;204;0;836;1120;14118583;1;1
113;207;0;835;1130;14118590;1;1
111;210;0;833;1140;14118597;1;1
110;213;0;834;1140;14118604;1;1
109;216;0;833;1150;14118611;1;1
108;219;0;831;1150;14118618;1;1
107;221;0;830;1140;14118625;1;1
107;224;0;830;1120;14118632;1;1
107;226;0;830;1120;14118639;1;1
107;228;0;827;1110;14118646;1;1
108;230;0;826;1100;14118653;1;1
109;232;0;826;1120;14118660;1;1
110;235;0;829;1120;14118667;1;1
111;237;0;825;1120;14118674;1;1
111;239;0;826;1120;14118681;1;1
112;241;0;825;1100;14118688;1;1
113;243;0;825;1080;14118695;1;1
115;246;0;825;1070;14118703;1;1
117;248;0;823;1070;14118710;1;1
119;251;0;825;1060;14118717;1;1
121;253;0;823;1050;14118724;1;1
123;256;0;825;1040;14118731;1;1
125;258;0;825;1030;14118738;1;1
128;260;0;825;1020;14118745;1;1
130;262;0;823;1020;14118752;1;1
132;264;0;825;1030;14118759;1;1
134;266;0;818;1040;14118766;1;1
137;268;0;825;1030;14118773;1;1
139;270;0;825;1020;14118780;1;1
142;272;0;825;1010;14118787;1;1
144;274;0;825;1000;14118794;1;1
146;275;0;827;980;14118801;1;1
148;277;0;827;980;14118808;1;1
150;280;0;827;980;14118815;1;1
152;282;0;827;990;14118822;1;1
154;284;0;828;1010;14118829;1;1
156;286;0;828;1030;14118836;1;1
158;288;0;828;1050;14118843;1;1
159;290;0;830;1030;14118850;1;1
161;292;0;831;1030;14118857;1;1
163;294;0;831;1000;14118864;1;1
165;297;0;833;990;14118871;1;1
167;299;0;832;990;14118878;1;1
168;301;0;835;980;14118886;1;1
170;303;0;834;980;14118893;1;1
171;305;0;836;980;14118900;1;1
172;307;0;834;980;14118907;1;1
173;308;0;836;980;14118914;1;1
174;310;0;837;980;14118921;1;1
175;311;0;838;990;14118928;1;1
176;313;0;837;980;14118935;1;1
177;314;0;836;980;14118942;1;1
178;316;0;839;980;14118949;1;1
179;318;0;838;990;14118956;1;1
180;319;0;838;990;14118963;1;1
181;320;0;839;990;14118970;1;1
183;322;0;839;990;14118977;1;1
184;323;0;839;990;14118984;1;1
185;324;0;839;990;14118991;1;1
186;326;0;839;990;14118998;1;1
188;327;0;840;990;14119005;1;1
190;328;0;833;990;14119012;1;1
192;329;0;841;990;14119019;1;1
194;331;0;841;980;14119026;1;1
196;332;0;841;980;14119033;1;1
197;333;0;841;990;14119040;1;1
199;334;0;841;990;14119047;1;1
201;335;0;842;980;14119054;1;1
203;336;0;843;980;14119061;1;1
206;337;0;844;990;14119068;1;1
208;338;0;842;980;14119076;1;1
211;339;0;842;980;14119083;1;1
214;340;0;842;990;14119090;1;1
216;341;0;842;970;14119097;1;1
219;342;0;843;970;14119104;1;1
223;344;0;844;970;14119111;1;1
226;345;0;844;950;14119118;1;1
229;347;0;848;930;14119125;1;1
232;348;0;844;930;14119132;1;1
235;350;0;846;930;14119139;1;1
238;351;0;845;930;14119146;1;1
242;353;0;845;930;14119153;1;1
246;355;0;845;930;14119160;1;1
250;356;0;845;930;14119167;1;1
253;358;0;845;930;14119174;1;1
257;359;0;845;930;14119181;1;1
261;361;0;845;930;14119188;1;1
266;362;0;844;930;14119195;1;1
270;364;0;845;940;14119202;1;1
275;365;0;845;940;14119209;1;1
280;367;0;845;950;14119216;1;1
284;369;0;845;950;14119223;1;1
290;370;0;845;940;14119230;1;1
296;371;0;847;950;14119237;1;1
301;373;0;847;960;14119244;1;1
307;374;0;850;960;14119251;1;1
313;375;0;848;970;14119259;1;1
318;377;0;847;970;14119266;1;1
324;378;0;848;960;14119273;1;1
329;379;0;851;950;14119280;1;1
335;381;0;854;950;14119287;1;1
341;382;0;851;950;14119294;1;1
347;383;0;850;950;14119301;1;1
353;385;0;851;950;14119308;1;1
359;386;0;850;940;14119315;1;1
365;387;0;854;950;14119322;1;1
371;388;0;853;950;14119329;1;1
378;388;0;853;950;14119336;1;1
384;388;0;852;970;14119343;1;1
390;389;0;853;970;14119350;1;1
397;389;0;854;980;14119357;1;1
403;389;0;854;1010;14119364;1;1
409;389;0;855;1030;14119371;1;1
415;389;0;854;1040;14119378;1;1
421;389;0;856;1040;14119385;1;1
427;388;0;856;1040;14119392;1;1
434;388;0;858;1050;14119399;1;1
440;387;0;858;1050;14119406;1;1
447;386;0;858;1060;14119413;1;1
454;386;0;858;1060;14119420;1;1
460;385;0;860;1050;14119427;1;1
467;385;0;859;1050;14119434;1;1
473;384;0;859;1060;14119442;1;1
480;384;0;860;1070;14119449;1;1
487;383;0;863;1080;14119456;1;1
494;382;0;859;1070;14119463;1;1
500;382;0;858;1060;14119470;1;1
506;381;0;860;1060;14119477;1;1
512;380;0;860;1040;14119484;1;1
518;378;0;862;1050;14119491;1;1
524;377;0;862;1050;14119498;1;1
530;375;0;863;1060;14119505;1;1
537;373;0;864;1070;14119512;1;1
543;371;0;866;1090;14119519;1;1
549;369;0;866;1100;14119526;1;1
555;367;0;866;1130;14119533;1;1
562;365;0;866;1130;14119540;1;1
568;364;0;866;1150;14119547;1;1
575;362;0;866;1160;14119554;1;1
582;360;0;870;1140;14119561;1;1
588;358;0;869;1130;14119568;1;1
595;356;0;868;1110;14119575;1;1
601;353;0;869;1100;14119582;1;1
607;351;0;869;1100;14119589;1;1
613;348;0;869;1100;14119596;1;1
619;345;0;869;1090;14119603;1;1
625;342;0;870;1060;14119610;1;1
630;338;0;875;1050;14119617;1;1
636;335;0;872;1020;14119624;1;1
641;332;0;872;1020;14119632;1;1
646;329;0;872;1020;14119639;1;1
651;325;0;872;1030;14119646;1;1
656;322;0;872;1050;14119653;1;1
662;319;0;873;1070;14119660;1;1
668;315;0;872;1090;14119667;1;1
675;311;0;872;1090;14119674;1;1
681;307;0;872;1090;14119681;1;1
686;304;0;874;1080;14119688;1;1
692;300;0;874;1070;14119695;1;1
698;296;0;874;1060;14119702;1;1
704;291;0;873;1030;14119709;1;1
710;287;0;874;1020;14119716;1;1
716;282;0;874;990;14119723;1;1
721;278;0;875;1000;14119730;1;1
726;273;0;876;1020;14119737;1;1
731;269;0;876;1040;14119744;1;1
735;265;0;876;1050;14119751;1;1
739;260;0;875;1070;14119758;1;1
743;257;0;878;1070;14119765;1;1
747;253;0;880;1070;14119772;1;1
750;249;0;879;1100;14119779;1;1
753;246;0;879;1100;14119786;1;1
756;242;0;879;1100;14119793;1;1
759;239;0;883;1110;14119800;1;1
762;236;0;882;1090;14119807;1;1
764;232;0;881;1110;14119815;1;1
766;229;0;881;1120;14119822;1;1
768;225;0;881;1120;14119829;1;1
769;222;0;881;1130;14119836;1;1
770;219;0;881;1130;14119843;1;1
771;217;0;884;1130;14119850;1;1
772;215;0;888;1130;14119857;1;1
772;213;0;886;1130;14119864;1;1
772;210;0;887;1150;14119871;1;1
772;209;0;888;1160;14119878;1;1
772;207;0;888;1160;14119885;1;1
772;206;0;893;1160;14119892;1;1
772;205;0;891;1140;14119899;1;1
771;204;0;894;1140;14119906;1;1
771;203;0;896;1140;14119913;1;1
770;203;0;899;1160;14119920;1;1
769;203;0;900;1130;14119927;1;1
769;202;0;901;1130;14119934;1;1
768;202;0;902;1130;14119941;1;1
767;202;0;901;1130;14119948;1;1
766;201;0;902;1130;14119955;1;1
765;201;0;902;1150;14119962;1;1
764;201;0;902;1170;14119969;1;1
763;200;0;903;1170;14119976;1;1
762;200;0;902;1170;14119983;1;1
761;200;0;902;1140;14119990;1;1
760;200;0;903;1140;14119998;1;1
760;200;0;902;1160;14120005;1;1
759;199;0;903;1160;14120012;1;1
759;199;0;905;1160;14120019;1;1
759;199;0;905;1160;14120026;1;1
758;199;0;905;1160;14120033;1;1
758;199;0;905;1160;14120040;1;1
758;199;0;905;1180;14120047;1;1
758;199;0;905;1180;14120054;1;1
757;199;0;905;1200;14120061;1;1
757;199;0;906;1200;14120068;1;1
757;199;0;905;1180;14120075;1;1
757;199;0;905;1180;14120082;1;1
756;199;0;903;1180;14120089;1;1
756;199;0;904;1180;14120096;1;1
756;199;0;904;1180;14120103;1;1
756;199;0;904;1180;14120110;1;1
755;199;0;902;1180;14120117;1;1
755;199;0;901;1180;14120124;1;1
755;199;0;897;1160;14120131;1;1
755;199;0;892;1160;14120138;1;1
755;199;0;883;1160;14120145;1;1
755;199;0;866;1180;14120152;1;1
755;199;0;839;1180;14120159;1;1
755;200;0;797;1180;14120166;1;1
756;201;0;748;1180;14120173;1;1
756;202;0;696;1190;14120181;1;1
757;203;0;627;1190;14120188;1;1
757;205;0;509;1170;14120195;1;1
756;207;0;236;1190;14120202;1;1
